39
38
38
38
38
38
38
38
32
32
40
40
40
40
40
40
40
37
32
39
40
32
32
32
32
32
32
32
32
32
32
32
32
32
32
32
32
32
32
32
38
40
39
39
39
39
39
39
39
39
39
40
39
38
38
39
38
38
38
39
39
40
37
40
37
38
37
37
40
38
39
39
39
39
40
40
37
38
38
37
37
37
40
39
37
38
37
37
38
37
40
40
39
40
37
38
37
40
37
37
37
37
37
37
37
38
38
39
39
39
39
39
39
39
39
39
39
39
39
37
37
37
37
37
37
37
37
37
37
37
40
40
40
32
32
32
32
32
32
32
32
32
32
32
39
40
32
32
32
32
32
32
32
32
32
37
32
32
32
32
32
32
38
39
38
38
38
38
38
38
38
32
32
32
32
32
32
32
32
32
32
32
32
32
32
32
37
39
39
32
32
32
32
32
32
32
32
32
32
32
32
32
32
32
32
32
40
38
39
38
38
38
38
32
37
40
32
32
32
32
32
32
32
32
32
32
32
32
32
32
32
32
32
32
32
32
32
32
32
32
32
32
32
32
32
32
32
32
38
37
32
32
32
32
32
32
32
32
32
32
32
32
32
32
32
32
32
32
32
38
